ROUGE1: 0.34552625142299775
ROUGE2: 0.09317151022622253
ROUGEL: 0.3316510834034868
ROUGE_AVG: 0.2567829483509024
BERTScore: 0.8443690836429596
FKGL: 13.925
DCRS: 10.235000000000001
CLI: 16.0025
SummaC: -0.21178746200351428
