ROUGE1: 0.5065009752524519
ROUGE2: 0.31870271128496597
ROUGEL: 0.4840671433061171
ROUGE_AVG: 0.43642360994784496
BERTScore: 0.8759853392839432
FKGL: 12.2
DCRS: 9.532499999999999
CLI: 13.317499999999999
SummaC: -0.15714865250296758
